0
1
0
0.01
1
1
0.02
1
2
0.03
1
3
0.04
1
4
0.05
1
5
0.060000000000000005
1
6
0.07
1
7
0.08
1
8
0.09
1
9
0.09999999999999999
1
10
0.10999999999999999
1
11
0.11999999999999998
1
12
0.12999999999999998
1
13
0.13999999999999999
1
14
0.15
1
15
0.16
1
16
0.17
1
17
0.18000000000000002
1
18
0.19000000000000003
1
19
0.20000000000000004
1
20
0.21000000000000005
1
21
0.22000000000000006
1
22
0.23000000000000007
1
23
0.24000000000000007
1
24
0.25000000000000006
1
25
0.26000000000000006
1
26
0.2700000000000001
1
27
0.2800000000000001
1
28
0.2900000000000001
1
29
0.3000000000000001
1
30
0.3100000000000001
1
31
0.3200000000000001
1
32
0.3300000000000001
1
33
0.34000000000000014
1
34
0.35000000000000014
1
35
0.36000000000000015
1
36
0.37000000000000016
1
37
0.38000000000000017
1
38
0.3900000000000002
1
39
0.4000000000000002
1
40
0.4100000000000002
1
41
0.4200000000000002
1
42
0.4300000000000002
1
43
0.4400000000000002
1
44
0.45000000000000023
1
45
0.46000000000000024
1
46
0.47000000000000025
1
47
0.48000000000000026
1
48
0.49000000000000027
1
49
0.5000000000000002
1
50
0.5100000000000002
1
51
0.5200000000000002
1
52
0.5300000000000003
1
53
0.5400000000000003
1
54
0.5500000000000003
1
55
0.5600000000000003
1
56
0.5700000000000003
1
57
0.5800000000000003
1
58
0.5900000000000003
1
59
0.6000000000000003
1
60
0.6100000000000003
1
61
0.6200000000000003
1
62
0.6300000000000003
1
63
0.6400000000000004
1
64
0.6500000000000004
1
65
0.6600000000000004
1
66
0.6700000000000004
1
67
0.6800000000000004
1
68
0.6900000000000004
1
69
0.7000000000000004
1
70
0.7100000000000004
1
71
0.7200000000000004
1
72
0.7300000000000004
1
73
0.7400000000000004
1
74
0.7500000000000004
1
75
0.7600000000000005
1
76
0.7700000000000005
1
77
0.7800000000000005
1
78
0.7900000000000005
1
79
0.8000000000000005
1
80
0.8100000000000005
1
81
0.8200000000000005
1
82
0.8300000000000005
1
83
0.8400000000000005
1
84
0.8500000000000005
1
85
0.8600000000000005
1
86
0.8700000000000006
1
87
0.8800000000000006
1
88
0.8900000000000006
1
89
0.9000000000000006
1
90
0.9100000000000006
1
91
0.9200000000000006
1
92
0.9300000000000006
1
93
0.9400000000000006
1
94
0.9500000000000006
1
95
0.9600000000000006
1
96
0.9700000000000006
1
97
0.9800000000000007
1
98
0.9900000000000007
1
99
1.0000000000000007
1
100